1:	116	79	39	10	6	6
2:	14	11	2
1:	126	76	31	10	8	14
2:	14	11	7
1:	101	60	24	7	7	7
2:	11	10	5
1:	123	72	33	8	7	7
2:	14	9	2
1:	189	157	124	35	25	36
2:	107	89	32
1:	125	91	51	12	8	13
2:	33	26	9
1:	92	63	24	6	5	5
2:	17	10	1
1:	125	73	30	6	5	5
2:	14	9	3
1:	118	78	31	6	6	6
2:	9	7	2
1:	155	110	55	21	16	17
2:	36	33	15
1:	142	93	56	18	13	17
2:	29	24	11
1:	143	110	79	21	15	16
2:	53	47	14
1:	107	61	34	11	7	8
2:	24	19	7
1:	146	102	62	12	9	12
2:	30	26	6
1:	126	95	47	12	8	8
2:	29	26	7
1:	142	99	45	14	8	8
2:	17	15	3
1:	151	112	71	18	13	18
2:	47	43	17
1:	145	121	85	25	17	19
2:	52	40	13
1:	154	117	66	17	9	9
2:	32	25	3
1:	133	77	41	8	7	7
2:	20	17	3
1:	169	109	57	14	10	10
2:	27	25	5
1:	126	78	60	15	9	23
2:	40	37	14
1:	150	109	65	15	10	10
2:	38	33	7
1:	117	79	48	18	11	11
2:	25	22	7
1:	131	91	22	6	5	5
2:	8	5	1
1:	149	106	62	14	11	20
2:	39	34	10
1:	138	97	56	14	8	11
2:	43	32	9
1:	166	114	70	22	15	25
2:	45	41	18
