1:	223	206	104	67	64	103
2:	185	101	97
1:	220	205	98	74	72	106
2:	196	108	104
1:	215	206	113	75	75	105
2:	195	104	102
1:	241	231	138	88	86	104
2:	217	106	102
1:	195	180	83	59	57	92
2:	166	92	90
1:	175	170	95	68	67	94
2:	158	94	93
1:	222	211	106	80	76	103
2:	188	106	100
1:	248	241	122	86	80	116
2:	224	119	114
1:	224	215	104	71	70	107
2:	198	109	105
1:	216	200	100	69	68	101
2:	184	102	98
1:	206	189	100	64	63	94
2:	172	98	88
1:	151	132	66	52	49	72
2:	116	73	64
1:	157	142	87	62	62	88
2:	129	86	83
1:	187	178	85	66	63	94
2:	159	97	92
1:	294	279	151	89	87	113
2:	255	115	111
1:	220	199	101	67	66	91
2:	173	93	90
1:	206	192	95	69	69	105
2:	171	104	101
1:	198	180	85	61	60	90
2:	164	94	89
1:	217	204	109	73	67	94
2:	189	97	89
1:	214	199	97	67	66	100
2:	185	100	98
1:	219	198	90	64	64	102
2:	174	102	99
1:	162	148	67	51	50	81
2:	128	87	79
1:	177	165	87	60	60	88
2:	143	90	87
1:	199	181	84	65	61	91
2:	146	87	81
1:	171	161	81	62	54	84
2:	144	93	83
1:	195	179	91	65	60	93
2:	150	94	86
1:	176	155	73	56	51	85
2:	138	91	82
1:	142	127	54	38	37	67
2:	106	66	62
1:	179	154	79	59	58	88
2:	140	84	82
1:	123	104	60	47	44	66
2:	94	66	63
