1:	155	100	53	33	13	13
2:	30	19	8
1:	132	85	30	13	8	10
2:	24	19	5
1:	124	91	52	44	26	28
2:	55	49	26
1:	177	135	86	76	56	59
2:	71	62	48
1:	109	75	23	16	8	9
2:	18	9	6
1:	152	90	36	22	13	14
2:	25	17	7
1:	122	72	31	14	7	8
2:	14	10	4
1:	160	103	43	26	14	15
2:	25	21	11
1:	202	162	134	123	83	85
2:	122	115	79
1:	75	50	23	21	20	22
2:	26	21	19
1:	155	98	43	18	9	11
2:	20	12	0
1:	144	90	45	34	12	14
2:	26	18	6
1:	129	79	16	5	4	8
2:	6	3	2
1:	174	132	88	80	55	57
2:	81	74	48
1:	158	109	49	44	28	32
2:	41	37	25
1:	151	86	15	8	4	4
2:	9	6	2
1:	143	100	55	42	19	20
2:	35	30	15
1:	112	72	27	18	16	20
2:	17	14	10
1:	131	88	44	33	27	31
2:	28	25	23
1:	217	177	140	112	49	55
2:	128	108	49
1:	140	96	34	20	12	15
2:	12	9	4
1:	116	76	20	9	9	11
2:	20	6	5
1:	135	82	36	18	11	12
2:	13	7	6
1:	212	173	118	94	51	58
2:	108	98	52
1:	148	113	73	66	49	51
2:	65	56	43
1:	140	103	49	37	18	21
2:	21	19	8
1:	168	116	48	37	23	26
2:	28	18	13
1:	137	103	52	34	27	31
2:	20	17	13
1:	123	76	24	16	9	9
2:	15	7	3
1:	186	146	102	81	52	55
2:	90	78	47
