1:	142	91	20	15	8	9
2:	8	8	3
1:	124	88	18	15	10	11
2:	15	13	6
1:	188	123	21	15	11	13
2:	6	3	0
1:	94	55	17	12	10	14
2:	5	4	4
1:	70	45	8	7	7	7
2:	0	0	0
1:	157	91	18	6	4	8
2:	9	5	4
1:	137	88	18	11	9	12
2:	9	6	5
1:	172	117	31	27	18	31
2:	34	28	18
1:	132	91	33	22	17	23
2:	26	23	17
1:	81	59	30	27	21	25
2:	24	23	18
1:	152	99	22	17	11	18
2:	31	19	13
1:	167	109	20	15	11	20
2:	16	14	9
1:	165	132	55	48	32	49
2:	56	53	38
1:	137	91	17	10	7	11
2:	5	4	1
1:	143	97	33	18	11	16
2:	15	11	8
1:	148	84	33	24	14	18
2:	32	22	13
1:	187	139	44	38	30	53
2:	59	46	37
1:	217	162	73	62	43	59
2:	59	52	39
1:	186	153	81	74	59	72
2:	102	85	64
1:	108	77	19	11	9	11
2:	17	11	9
1:	154	84	8	6	4	4
2:	5	3	1
1:	176	139	68	61	44	60
2:	80	72	45
1:	176	129	67	58	32	40
2:	58	53	29
1:	152	112	48	36	26	29
2:	32	28	20
1:	85	53	17	12	8	9
2:	10	9	6
1:	162	124	39	34	22	34
2:	28	27	22
1:	124	80	21	18	14	23
2:	19	16	13
