1:	125	88	33	23	17	17
2:	19	14	9
1:	105	71	23	15	11	13
2:	12	10	8
1:	129	95	38	31	20	23
2:	31	22	15
1:	136	87	31	24	19	23
2:	13	10	8
1:	123	75	17	12	8	9
2:	8	3	1
1:	120	85	28	21	16	22
2:	25	16	13
1:	98	60	17	8	5	5
2:	10	6	2
1:	122	88	32	25	13	17
2:	26	20	13
1:	131	80	12	6	5	6
2:	6	4	4
1:	142	96	50	45	33	37
2:	39	32	24
1:	159	126	57	42	26	28
2:	38	30	22
1:	188	149	74	55	35	40
2:	43	38	29
1:	86	57	14	9	8	9
2:	10	6	5
1:	149	97	16	11	10	10
2:	7	6	6
1:	113	79	38	33	17	19
2:	34	26	11
1:	131	99	24	21	14	17
2:	11	9	5
1:	149	97	52	38	23	27
2:	31	23	13
1:	97	77	35	28	26	26
2:	22	19	17
1:	146	86	13	4	4	4
2:	3	0	0
1:	151	115	62	52	37	41
2:	42	36	27
1:	118	90	28	25	15	16
2:	13	11	7
1:	139	111	55	48	27	31
2:	43	36	18
1:	129	106	50	42	25	27
2:	32	27	14
1:	49	25	6	6	5	5
2:	2	0	0
1:	64	36	10	7	4	5
2:	6	3	0
1:	63	37	9	7	5	5
2:	6	5	4
1:	66	48	13	11	8	8
2:	7	3	1
1:	91	65	18	16	10	15
2:	21	12	6
1:	105	73	38	28	23	28
2:	33	25	20
