1:	130	87	40	9	6	7
2:	25	16	5
1:	155	96	31	8	6	6
2:	22	17	1
1:	145	84	27	7	4	4
2:	11	10	3
1:	130	88	35	9	5	5
2:	16	11	0
1:	132	79	36	11	5	5
2:	20	12	2
1:	144	99	51	14	8	8
2:	21	15	4
1:	138	91	32	7	4	6
2:	12	10	2
1:	160	115	62	15	8	10
2:	16	16	5
1:	155	114	58	14	6	6
2:	13	9	4
1:	161	117	56	13	7	8
2:	31	28	4
1:	153	114	69	16	8	9
2:	37	34	3
1:	115	73	25	9	7	8
2:	15	12	2
1:	153	114	66	13	9	11
2:	37	29	8
1:	181	134	104	23	11	19
2:	70	58	15
1:	166	119	71	22	13	14
2:	48	38	8
1:	150	100	33	13	10	12
2:	12	9	5
1:	174	136	88	21	10	10
2:	48	42	6
1:	188	146	108	24	12	12
2:	68	62	7
1:	183	131	52	16	10	10
2:	33	30	4
1:	170	113	56	12	7	7
2:	28	16	4
1:	148	107	62	19	10	12
2:	34	27	8
1:	270	210	150	34	21	31
2:	107	92	15
1:	198	140	90	26	17	19
2:	77	71	15
1:	223	184	123	24	9	10
2:	70	61	5
