1:	92	65	15	4	4	4
2:	8	3	0
1:	146	84	19	7	4	4
2:	9	4	2
1:	183	113	21	6	5	5
2:	10	8	1
1:	191	133	60	18	12	13
2:	41	35	13
1:	154	93	21	6	5	5
2:	7	5	1
1:	204	120	32	6	4	4
2:	5	4	2
1:	78	50	12	8	4	5
2:	11	5	3
1:	167	104	14	4	4	4
2:	5	4	3
1:	141	95	13	4	4	4
2:	15	9	2
1:	172	98	31	8	6	7
2:	5	5	0
1:	145	71	10	4	4	4
2:	4	3	0
1:	173	106	20	6	5	5
2:	2	0	0
1:	168	106	20	7	5	5
2:	15	4	2
1:	184	105	20	7	7	7
2:	7	6	4
1:	152	107	33	9	6	6
2:	20	13	4
1:	162	101	19	5	5	5
2:	6	4	2
1:	160	101	29	7	5	5
2:	9	7	1
1:	185	133	38	10	6	6
2:	26	18	4
1:	177	105	33	12	8	8
2:	11	9	4
1:	117	65	14	4	4	4
2:	3	0	0
1:	187	116	27	8	6	6
2:	10	7	3
1:	108	65	17	6	4	4
2:	5	3	0
1:	142	83	17	4	4	4
2:	1	0	0
1:	156	96	14	4	4	4
2:	5	3	0
