1         0.0000000000             27000.0000000000         590326.1448873524        5763546.1638265187       1753.4711299120          
2         121.2020202020           27000.0000000000         593944.0938853949        5762764.7383415801       1850.6259461965          
3         242.4040404040           27000.0000000000         597559.7442451321        5761986.5232206490       2054.0736743517          
4         363.6060606061           27000.0000000000         601172.8925062809        5761198.9077132624       1850.4367816968          
5         484.8080808081           27000.0000000000         604783.6750645208        5760416.8562749317       1854.8799494892          
6         606.0101010101           27000.0000000000         608392.0641029500        5759638.1421982301       1986.1587590727          
7         727.2121212121           27000.0000000000         611998.7576744475        5758859.7137723761       2118.5661169258          
8         848.4141414141           27000.0000000000         615604.4284622888        5758077.8552951943       2101.2365735135          
9         969.6161616162           27000.0000000000         619209.5950934546        5757296.1636954900       2084.7160914188          
10        1090.8181818182          27000.0000000000         622815.4381748982        5756511.4383616522       1939.5905194479          
11        1212.0202020202          27000.0000000000         626418.2252490288        5755737.2986009838       2232.9884604108          
12        1333.2222222222          27000.0000000000         630025.1701974405        5754951.9671720145       2066.2306126930          
13        1454.4242424242          27000.0000000000         633628.0499910372        5754176.7391692223       2322.6722661754          
14        1575.6262626263          27000.0000000000         637237.2801304186        5753391.2693976695       2165.9980662313          
15        1696.8282828283          27000.0000000000         640847.1444051302        5752607.5915656863       2095.8851948587          
16        1818.0303030303          27000.0000000000         644458.2771565017        5751824.5434292117       2066.9787392608          
17        1939.2323232323          27000.0000000000         648067.9899754631        5751044.9053268582       2193.0905672384          
18        2060.4343434343          27000.0000000000         651682.4884160559        5750261.8950786889       2202.9754424002          
19        2181.6363636364          27000.0000000000         655305.1558275706        5749473.5783999413       2026.4277305586          
20        2302.8383838384          27000.0000000000         658915.5431858613        5748697.4727927838       2354.5131466823          
21        2424.0404040404          27000.0000000000         662536.2071323996        5747914.3324477607       2431.8135680606          
22        2545.2424242424          27000.0000000000         666160.8039187199        5747129.9548482280       2489.8803540307          
23        2666.4444444444          27000.0000000000         669777.8948354581        5746351.8139602738       2811.2282052082          
24        2787.6464646465          27000.0000000000         673423.8973486229        5745557.0678792158       2545.6663525047          
25        2908.8484848485          27000.0000000000         677089.7996536569        5744753.5644211415       2007.5889437797          
26        3030.0505050505          27000.0000000000         680766.3365713569        5743947.5377499145       1436.2764627518          
27        3151.2525252525          27000.0000000000         684415.0749015884        5743158.7002142752       1525.8701351453          
28        3272.4545454545          27000.0000000000         688076.0300511129        5742365.2477280200       1496.5683138891          
29        3393.6565656566          27000.0000000000         691733.7518987682        5741574.8441185048       1614.8155162191          
30        3514.8585858586          27000.0000000000         695432.0824908952        5740767.5673776828       1218.6916140372          
31        3636.0606060606          27000.0000000000         699131.2460106687        5739962.2323014895       948.4656589247           
32        3757.2626262626          27000.0000000000         702829.4982751573        5739159.2284245556       811.8095073301           
33        3878.4646464646          27000.0000000000         706529.7192101488        5738357.0601175027       756.8750864555           
34        3999.6666666667          27000.0000000000         710234.0754575124        5737554.7061010338       749.9989991898           
35        4120.8686868687          27000.0000000000         713945.8483082568        5736750.8491065688       751.4360403573           
36        4242.0707070707          27000.0000000000         717666.4625659833        5735944.9940089649       748.5326325583           
37        4363.2727272727          27000.0000000000         721396.6113468242        5735136.9509088565       738.3720507212           
38        4484.4747474747          27000.0000000000         725135.4198816828        5734327.0874842992       733.6238424559           
39        4605.6767676768          27000.0000000000         728883.4435687098        5733515.2432004167       731.6616107819           
40        4726.8787878788          27000.0000000000         732639.5318492465        5732701.8368476778       745.1911868958           
41        4848.0808080808          27000.0000000000         736407.4082908394        5731885.6498276293       744.0738909119           
42        4969.2828282828          27000.0000000000         740178.2020097675        5731069.6110807536       803.7785992000           
43        5090.4848484848          27000.0000000000         743953.9678873393        5730252.9815962156       903.7089039976           
44        5211.6868686869          27000.0000000000         747720.1622191971        5729440.2610070417       1148.1312191474          
45        5332.8888888889          27000.0000000000         751465.1193500464        5728634.8071759492       1604.1928000988          
46        5454.0909090909          27000.0000000000         755320.0907785620        5727796.4123542495       1360.6610270165          
47        5575.2929292929          27000.0000000000         759190.4756886865        5726954.6672218442       1115.2906637614          
48        5696.4949494949          27000.0000000000         763021.8262980830        5726125.7397979097       1211.9607081681          
49        5817.6969696970          27000.0000000000         766901.0000902599        5725283.6622738075       1091.8976245149          
50        5938.8989898990          27000.0000000000         770788.0188919356        5724440.3858664287       1012.9897452711          
51        6060.1010101010          27000.0000000000         774635.5285876939        5723609.4853660790       1238.2516246966          
52        6181.3030303030          27000.0000000000         778565.2565977624        5722755.9000587892       1080.4571524222          
53        6302.5050505051          27000.0000000000         782401.6412833561        5721929.7486145338       1496.1182623590          
54        6423.7070707071          27000.0000000000         786300.0755363780        5721086.1843106681       1662.9793876345          
55        6544.9090909091          27000.0000000000         790300.9478851648        5720215.4138154732       1382.0522823515          
56        6666.1111111111          27000.0000000000         794182.7346676567        5719378.6875654031       1754.0037738617          
57        6787.3131313131          27000.0000000000         798135.4777141984        5718523.0941261481       1853.0908077344          
58        6908.5151515152          27000.0000000000         802194.7129140444        5717639.2359771030       1550.7300807854          
59        7029.7171717172          27000.0000000000         806170.4169987075        5716779.1754493089       1696.2315958240          
60        7150.9191919192          27000.0000000000         810183.9716075083        5715909.6828313582       1749.0537089815          
61        7272.1212121212          27000.0000000000         814250.2558021167        5715026.8590970179       1659.9754441898          
62        7393.3232323232          27000.0000000000         818359.0307525004        5714133.5911291335       1483.4525981805          
63        7514.5252525253          27000.0000000000         822520.3702432199        5713227.2770923041       1191.5821801214          
64        7635.7272727273          27000.0000000000         826605.0594046160        5712342.4118372733       1267.2554839783          
65        7756.9292929293          27000.0000000000         830849.0698487278        5711416.1473831460       846.3284027320           
66        7878.1313131313          27000.0000000000         834783.3342371078        5710572.9159680428       1582.4248951469          
67        7999.3333333333          27000.0000000000         838904.0262757420        5709681.1127304183       1725.2491054116          
68        8120.5353535354          27000.0000000000         843120.0697984656        5708765.0880143661       1620.9285214718          
69        8241.7373737374          27000.0000000000         847463.8742267403        5707816.4865338085       1190.2343107391          
70        8362.9393939394          27000.0000000000         851439.8195123447        5706965.3935477631       1975.5349890497          
71        8484.1414141414          27000.0000000000         855840.2991055106        5706003.9406875838       1525.7968378833          
72        8605.3434343434          27000.0000000000         860306.6514687458        5705026.3762085736       978.9386965084           
73        8726.5454545455          27000.0000000000         864602.0378324444        5704094.5358683495       1009.6865301188          
74        8847.7474747475          27000.0000000000         868793.7348343603        5703190.7043171991       1389.6973871316          
75        8968.9494949495          27000.0000000000         873093.9025078150        5702259.5721735246       1528.7844714077          
76        9090.1515151515          27000.0000000000         877659.0436244794        5701260.5259406129       1042.6781719440          
77        9211.3535353535          27000.0000000000         881948.0587485477        5700334.3737986926       1344.1201986608          
78        9332.5555555556          27000.0000000000         886281.1626179270        5699397.7996859122       1588.6342072992          
79        9453.7575757576          27000.0000000000         891062.9244752985        5698345.7867572084       816.3193322022           
80        9574.9595959596          27000.0000000000         895260.9626713446        5697446.4761263663       1507.1260363301          
81        9696.1616161616          27000.0000000000         900130.6986888294        5696373.9222887307       707.7068927421           
82        9817.3636363636          27000.0000000000         904569.5784580481        5695414.3695478449       965.8568605724           
83        9938.5656565657          27000.0000000000         909126.0423440911        5694425.4791287743       1024.2075815092          
84        10059.7676767677         27000.0000000000         913481.2437001483        5693490.0496811047       1567.5410785814          
85        10180.9696969697         27000.0000000000         918185.1438866470        5692465.3482284471       1436.5652937513          
86        10302.1717171717         27000.0000000000         922646.7890183788        5691504.8415160319       1860.4645961405          
87        10423.3737373737         27000.0000000000         927469.7182740332        5690451.8031587871       1626.2274917927          
88        10544.5757575758         27000.0000000000         932320.5353177576        5689392.8291588612       1415.6516279363          
89        10665.7777777778         27000.0000000000         937262.3536882976        5688311.5249338066       1112.0593921922          
90        10786.9797979798         27000.0000000000         941953.3633542614        5687296.8736068811       1341.0048123785          
91        10908.1818181818         27000.0000000000         946783.6980691603        5686247.4201830896       1378.5866672294          
92        11029.3838383838         27000.0000000000         951708.8977166450        5685174.7314518262       1316.2247279896          
93        11150.5858585859         27000.0000000000         956590.2763166411        5684114.9974490171       1395.2701331838          
94        11271.7878787879         27000.0000000000         961605.4778403095        5683021.9055442894       1316.2093809171          
95        11392.9898989899         27000.0000000000         966796.8085631914        5681884.3557403116       1024.0382882844          
96        11514.1919191919         27000.0000000000         971819.2933958866        5680792.5757777058       1074.1253380489          
97        11635.3939393939         27000.0000000000         976842.6609949154        5679702.2998038288       1185.4636849005          
98        11756.5959595960         27000.0000000000         982081.9327067916        5678557.1891002199       1035.0026169100          
99        11877.7979797980         27000.0000000000         987512.0585636374        5677363.7008545371       678.8708296047           
100       11999.0000000000         27000.0000000000         992456.3922045167        5676299.7099467041       1094.3646787188          
101       0.0000000000             40000.0000000000         491813.4097736877        5384164.4882884482       2096.5837139963          
102       121.2020202020           40000.0000000000         495406.5657467276        5383345.3889233423       1754.9720509021          
103       242.4040404040           40000.0000000000         499010.8108372361        5382560.1313230945       1840.9362339370          
104       363.6060606061           40000.0000000000         502612.2000338612        5381775.9532648362       1932.3923780440          
105       484.8080808081           40000.0000000000         506209.7222491018        5380986.2306859316       1949.1322280479          
106       606.0101010101           40000.0000000000         509803.1371781525        5380179.1268627821       1752.6306054864          
107       727.2121212121           40000.0000000000         513397.7309406124        5379379.0470604273       1642.2974190072          
108       848.4141414141           40000.0000000000         516993.2109032088        5378605.3641960584       1842.2906046015          
109       969.6161616162           40000.0000000000         520586.5071375287        5377826.1737689869       1972.3598279215          
110       1090.8181818182          40000.0000000000         524179.0630771358        5377038.9656941434       2007.5298660188          
111       1212.0202020202          40000.0000000000         527775.8471583403        5376217.0367280385       1652.6528671878          
112       1333.2222222222          40000.0000000000         531364.0727886773        5375463.7122668521       2068.7436907691          
113       1454.4242424242          40000.0000000000         534959.7960252469        5374664.1911930796       1971.2362875465          
114       1575.6262626263          40000.0000000000         538557.4416266867        5373864.4568912080       1877.1332979373          
115       1696.8282828283          40000.0000000000         542155.0070512227        5373071.6335246172       1862.7658393299          
116       1818.0303030303          40000.0000000000         545756.3576368191        5372273.0923172627       1793.3384104229          
117       1939.2323232323          40000.0000000000         549358.6315100065        5371478.2954591997       1769.6129123278          
118       2060.4343434343          40000.0000000000         552954.3855281324        5370703.2026652712       1953.0840433383          
119       2181.6363636364          40000.0000000000         556551.1413776017        5369927.8733430132       2135.5509311638          
120       2302.8383838384          40000.0000000000         560155.0895658116        5369141.1953656860       2207.4916914089          
121       2424.0404040404          40000.0000000000         563769.6034822350        5368340.0675973380       2143.7045456102          
122       2545.2424242424          40000.0000000000         567375.1598618429        5367559.5796849206       2288.7977327820          
123       2666.4444444444          40000.0000000000         570986.3777622477        5366773.7963065049       2388.2095752104          
124       2787.6464646465          40000.0000000000         574588.2574657842        5366005.7673425162       2660.6771833501          
125       2908.8484848485          40000.0000000000         578224.0657779134        5365193.1197834956       2522.4187143646          
126       3030.0505050505          40000.0000000000         581856.5043559580        5364391.6844141437       2500.4265345154          
127       3151.2525252525          40000.0000000000         585496.2181272225        5363586.6848124778       2457.5926976182          
128       3272.4545454545          40000.0000000000         589124.3044850817        5362801.6294832630       2604.2301445659          
129       3393.6565656566          40000.0000000000         592789.1773797880        5361977.9518035287       2420.0850565527          
130       3514.8585858586          40000.0000000000         596429.9461175683        5361188.4209059533       2548.1371549128          
131       3636.0606060606          40000.0000000000         600147.0743840266        5360320.6333108163       2018.0393866482          
132       3757.2626262626          40000.0000000000         603797.8315572740        5359532.1833647303       2182.4947031757          
133       3878.4646464646          40000.0000000000         607509.4784444037        5358686.2425696552       1879.0085133966          
134       3999.6666666667          40000.0000000000         611198.1469957401        5357870.8646910293       1847.7021130526          
135       4120.8686868687          40000.0000000000         614888.5596252444        5357059.7972684763       1866.3481139843          
136       4242.0707070707          40000.0000000000         618598.8229612949        5356235.8401042894       1796.5416168139          
137       4363.2727272727          40000.0000000000         622312.3677223302        5355415.1855684528       1769.6616749806          
138       4484.4747474747          40000.0000000000         626031.4114670998        5354595.6988875512       1768.0473129004          
139       4605.6767676768          40000.0000000000         629738.2123161007        5353792.8465520823       1909.5578340243          
140       4726.8787878788          40000.0000000000         633465.3782549283        5352977.8305951944       1971.7334421873          
141       4848.0808080808          40000.0000000000         637168.2943774342        5352188.7754077949       2242.0824126987          
142       4969.2828282828          40000.0000000000         640996.3344187177        5351301.1314532459       1787.2137236328          
143       5090.4848484848          40000.0000000000         644737.3273556473        5350492.7066506743       1947.7284925808          
144       5211.6868686869          40000.0000000000         648499.7715707760        5349672.7608086858       2039.0975827517          
145       5332.8888888889          40000.0000000000         652338.5777964493        5348799.4374091290       1769.3483626056          
146       5454.0909090909          40000.0000000000         656163.0730830446        5347944.5927863223       1653.5494423797          
147       5575.2929292929          40000.0000000000         659988.0230140740        5347096.2943920149       1604.3083896822          
148       5696.4949494949          40000.0000000000         663817.0138784958        5346251.6445799004       1599.9663113018          
149       5817.6969696970          40000.0000000000         667610.0082781552        5345439.6753442110       1833.3933341619          
150       5938.8989898990          40000.0000000000         671474.9327763777        5344581.6537772818       1776.3974002970          
151       6060.1010101010          40000.0000000000         675361.9478038420        5343714.8316023899       1683.4513481809          
152       6181.3030303030          40000.0000000000         679185.9683761208        5342899.0243993429       1940.6925479805          
153       6302.5050505051          40000.0000000000         683126.2658474299        5342008.7691801563       1739.8395374521          
154       6423.7070707071          40000.0000000000         687068.0231987458        5341125.0829631882       1606.1159269109          
155       6544.9090909091          40000.0000000000         691008.4498675007        5340249.6566159865       1547.9522018033          
156       6666.1111111111          40000.0000000000         694959.2534986913        5339374.4743681168       1514.1959255522          
157       6787.3131313131          40000.0000000000         698915.0755501289        5338503.1210147226       1526.0161865253          
158       6908.5151515152          40000.0000000000         702856.0961049213        5337648.4535516100       1658.3985113211          
159       7029.7171717172          40000.0000000000         706868.9087725432        5336754.2226301478       1578.1790704717          
160       7150.9191919192          40000.0000000000         710786.1021063662        5335928.5450612558       1918.2352041851          
161       7272.1212121212          40000.0000000000         714785.0875291864        5335057.3737450754       2013.0706576594          
162       7393.3232323232          40000.0000000000         718878.1359618494        5334134.3877285989       1837.2896236465          
163       7514.5252525253          40000.0000000000         722977.2967219323        5333215.6674813405       1713.1483994110          
164       7635.7272727273          40000.0000000000         727063.1925037667        5332313.0992456032       1704.2994926864          
165       7756.9292929293          40000.0000000000         731154.0511711650        5331415.2258024495       1744.9583510415          
166       7878.1313131313          40000.0000000000         735287.6482294058        5330499.1359769544       1711.6912595514          
167       7999.3333333333          40000.0000000000         739455.2548821456        5329570.5908370782       1638.2853119552          
168       8120.5353535354          40000.0000000000         743650.8956995655        5328633.5213294365       1547.3318316031          
169       8241.7373737374          40000.0000000000         747849.9939777242        5327702.7601375757       1516.0771596312          
170       8362.9393939394          40000.0000000000         752030.0072786744        5326791.5314805172       1609.5837642644          
171       8484.1414141414          40000.0000000000         756260.4983814609        5325859.6397395516       1630.3267818152          
172       8605.3434343434          40000.0000000000         760602.4717011084        5324870.8222101377       1390.8778326345          
173       8726.5454545455          40000.0000000000         764916.5407196644        5323907.3211474447       1306.9733402264          
174       8847.7474747475          40000.0000000000         769214.0484898371        5322962.2648391891       1340.2899020410          
175       8968.9494949495          40000.0000000000         773530.8395562269        5322014.9954015976       1389.2689316095          
176       9090.1515151515          40000.0000000000         777872.3275597883        5321062.6056951722       1440.3770491698          
177       9211.3535353535          40000.0000000000         782230.7094798810        5320109.7151070125       1515.4186826164          
178       9332.5555555556          40000.0000000000         786615.6721069707        5319151.0313882530       1590.0656925017          
179       9453.7575757576          40000.0000000000         791095.7373098389        5318148.5064664995       1494.5672384072          
180       9574.9595959596          40000.0000000000         795561.3265935422        5317163.8438285999       1509.0316991482          
181       9696.1616161616          40000.0000000000         800090.2820345655        5316153.8550860314       1441.5075739278          
182       9817.3636363636          40000.0000000000         804642.5616516401        5315141.0941662630       1392.9980558221          
183       9938.5656565657          40000.0000000000         809248.0959210804        5314109.3277224451       1294.5913588362          
184       10059.7676767677         40000.0000000000         813888.6570521088        5313068.9089221861       1192.3959867913          
185       10180.9696969697         40000.0000000000         818532.9642013316        5312037.1264109481       1158.7831971575          
186       10302.1717171717         40000.0000000000         823209.5663486301        5310998.5707862237       1128.9859820923          
187       10423.3737373737         40000.0000000000         827920.1536021365        5309952.5839729030       1100.9771130898          
188       10544.5757575758         40000.0000000000         832660.8217082500        5308901.5344201326       1084.8635401795          
189       10665.7777777778         40000.0000000000         837434.2426661975        5307844.2355685961       1076.3127356730          
190       10786.9797979798         40000.0000000000         842239.4846822905        5306781.4513438083       1078.7660191559          
191       10908.1818181818         40000.0000000000         847055.3630270668        5305724.7455723193       1136.6421658208          
192       11029.3838383838         40000.0000000000         851921.5234997954        5304653.2070718817       1169.9104994615          
193       11150.5858585859         40000.0000000000         856793.1029442136        5303590.9918684587       1269.9308023754          
194       11271.7878787879         40000.0000000000         861780.6347779292        5302479.8010785263       1221.5460069801          
195       11392.9898989899         40000.0000000000         866832.3993039852        5301347.5512191514       1132.3110381589          
196       11514.1919191919         40000.0000000000         871863.3714353599        5300239.4151233789       1165.5802727111          
197       11635.3939393939         40000.0000000000         876843.8324939238        5299171.1173546333       1372.5229215498          
198       11756.5959595960         40000.0000000000         882087.8454359181        5297978.0339883585       1176.7001252232          
199       11877.7979797980         40000.0000000000         887271.2909364629        5296830.8202905599       1178.4139299065          
200       11999.0000000000         40000.0000000000         892450.4055826215        5295700.1468830388       1271.7849714276          