31    37   0.648718
13    20   0.411252
11    26   0.342369
34    42   0.292172
12    29   0.264153
26    35   0.248292
23    40   0.23445
18    33   0.0863363
28    31   0.0845063
15    27   0.0804241
19    29   7.23697e-017
31    18   5.03061e-017
21    25   2.72162e-017
2    20   1.90186e-017
36    3   1.55443e-017
23    27   1.49316e-017
19    28   1.44191e-017
20    35   1.43871e-017
26    13   1.11131e-017
4    41   1.07495e-017
19    20   1.05911e-017
11    18   1.01335e-017
8    35   9.41593e-018
26    36   9.27208e-018
21    12   8.49327e-018
28    12   8.09498e-018
20    20   7.34046e-018
18    5   6.5642e-018
4    33   5.63943e-018
39    36   5.20168e-018
11    35   4.61395e-018
29    39   4.55265e-018
16    15   4.53495e-018
11    27   4.09519e-018
2    35   3.46235e-018
2    29   3.15977e-018
28    35   3.06188e-018
39    28   3.00649e-018
28    9   2.56035e-018
30    14   2.11483e-018
36    28   2.00579e-018
41    35   1.88718e-018
36    25   1.47987e-018
18    35   1.29108e-018
18    27   7.23658e-019
