4001	StraightLine	2
       1831.66220759	       1154.07672417
       1831.66715521	       1154.08095512
4002	StraightLine	2
       1831.74643853	       1154.08526890
       1831.74873176	       1154.08406022
4003	StraightLine	2
       2444.64319281	       1268.07460549
       2444.63779300	       1268.07672182
4004	StraightLine	2
       2444.71140060	       1268.08812640
       2444.71434155	       1268.09201742
4005	StraightLine	2
       3904.65261685	       1019.10981302
       3904.65712672	       1019.10848724
4006	StraightLine	2
       3904.71289202	       1019.07426270
       3904.71473545	       1019.07720520
4007	StraightLine	2
       5018.65278021	       1226.13842987
       5018.65703978	       1226.13743079
4008	StraightLine	2
       5018.68644148	       1226.06697437
       5018.68759498	       1226.07007585
4009	StraightLine	2
       5582.72511031	       1591.06793183
       5582.72961308	       1591.06926653
4010	StraightLine	2
       5582.72331560	       1591.12049741
       5582.71777716	       1591.12575881
4011	StraightLine	2
       6904.69820169	       2096.07753567
       6904.70569807	       2096.07778526
4012	StraightLine	2
       6904.74542402	       2096.11308679
       6904.74524928	       2096.11639407
4013	StraightLine	2
       1471.72838692	       1699.12897503
       1471.72606574	       1699.13093028
4014	StraightLine	2
       1471.64816889	       1699.13988777
       1471.64762202	       1699.13652510
4015	StraightLine	2
       2586.70116887	       1906.10757068
       2586.70147705	       1906.11145858
4016	StraightLine	2
       2586.72247830	       1906.07777283
       2586.71617681	       1906.07157944
4017	StraightLine	2
       3700.67546258	       2113.12489307
       3700.67110810	       2113.12777197
4018	StraightLine	2
       3700.71031362	       2113.10928047
       3700.71262796	       2113.11119775
4019	StraightLine	2
       4972.68619048	       2870.06773986
       4972.68239735	       2870.06760868
4020	StraightLine	2
       4972.71754576	       2870.07220136
       4972.71773977	       2870.07491117
4021	StraightLine	2
       5929.70018383	       2528.14262008
       5929.70635498	       2528.13420104
4022	StraightLine	2
       5929.71029780	       2528.09275721
       5929.70267279	       2528.08994038
4023	StraightLine	2
       7039.67824467	       2735.06984346
       7039.67407184	       2735.07002990
4024	StraightLine	2
       7039.74244654	       2735.11372782
       7039.74470527	       2735.11740646
4025	StraightLine	2
       1320.71477951	       2543.06633156
       1320.71232490	       2543.06728840
4026	StraightLine	2
       1320.74289109	       2543.12918450
       1320.74476158	       2543.13149932
4027	StraightLine	2
       2384.69329457	       3001.07234415
       2384.68975101	       3001.07118679
4028	StraightLine	2
       2384.65776415	       3001.09663558
       2384.65507850	       3001.09235849
4029	StraightLine	2
       3497.74067660	       3208.07961286
       3497.73313777	       3208.07902076
4030	StraightLine	2
       3497.71427979	       3208.10764840
       3497.71380954	       3208.11038086
4031	StraightLine	2
       4610.70633795	       3415.11327657
       4610.70716823	       3415.12319939
4032	StraightLine	2
       4610.64618416	       3415.06866874
       4610.64203845	       3415.06885172
4033	StraightLine	2
       5723.63871698	       3622.06938186
       5723.64163266	       3622.06938089
4034	StraightLine	2
       5723.72743459	       3622.09354153
       5723.72750981	       3622.08993734
4035	StraightLine	2
       6831.64285559	       3828.07659822
       6831.63988160	       3828.07687697
4036	StraightLine	2
       6831.71967528	       3828.12022748
       6831.71891934	       3828.11716196
4037	StraightLine	2
        722.72269190	       4346.11577423
        722.71994273	       4346.11988992
4038	StraightLine	2
        722.68753786	       4346.13150735
        722.69476046	       4346.13399721
4039	StraightLine	2
       2179.66353655	       4096.11231051
       2179.66603075	       4096.10900741
4040	StraightLine	2
       2179.72249627	       4096.13315062
       2179.72838775	       4096.13547500
4041	StraightLine	2
       3293.71087057	       4303.10581672
       3293.70767996	       4303.10396376
4042	StraightLine	2
       3293.66003172	       4303.11281986
       3293.66245706	       4303.11061283
4043	StraightLine	2
       4561.70158211	       5059.07154466
       4561.70872903	       5059.07507130
4044	StraightLine	2
       4561.64042341	       5059.08159788
       4561.64617446	       5059.08049188
4045	StraightLine	2
       5517.67743272	       4715.07518415
       5517.67201861	       4715.07637902
4046	StraightLine	2
       5517.64778684	       4715.10110023
       5517.64907551	       4715.10379128
4047	StraightLine	2
       6080.74133665	       5081.10624346
       6080.74466944	       5081.10714231
4048	StraightLine	2
       6080.72883455	       5081.11785582
       6080.72701003	       5081.12122884
4049	StraightLine	2
       1116.68390898	       5031.06775288
       1116.68217319	       5031.06926517
4050	StraightLine	2
       1116.71613701	       5031.07070160
       1116.71240673	       5031.06828786
4051	StraightLine	2
       1979.67681575	       5191.11463771
       1979.67099530	       5191.11528939
4052	StraightLine	2
       1979.71604829	       5191.07440531
       1979.71483366	       5191.07131109
4053	StraightLine	2
       3246.70412370	       5947.09045425
       3246.70207912	       5947.08856859
4054	StraightLine	2
       3246.72008292	       5947.12356647
       3246.71540119	       5947.12617612
4055	StraightLine	2
       4201.67500496	       5604.08312988
       4201.67907475	       5604.08178400
4056	StraightLine	2
       4201.64954674	       5604.13116546
       4201.64522858	       5604.12682592
4057	StraightLine	2
       5310.68383279	       5810.12368185
       5310.68717594	       5810.12345724
4058	StraightLine	2
       5310.72455257	       5810.11874204
       5310.72449054	       5810.12294540
4059	StraightLine	2
       6083.70213213	       6474.07025737
       6083.70418921	       6474.07178085
4060	StraightLine	2
       6083.72429811	       6474.13022415
       6083.72793505	       6474.12744694