4001	StraightLine	2
        874.68167028	       1086.77252872
        881.41586799	       1075.06133575
4002	StraightLine	2
        817.47396942	        883.15122967
        808.03724701	        878.63969535
4003	StraightLine	2
       1412.98965517	       1088.49939119
       1432.61339778	       1095.16299288
4004	StraightLine	2
       1632.61765714	        965.35210886
       1626.51902087	        985.52384474
4005	StraightLine	2
       2854.51438658	        457.99136832
       2842.11049658	        455.60055343
4006	StraightLine	2
       3024.19967726	        560.19793813
       3027.33992605	        548.21632046
4007	StraightLine	2
       3958.28106240	        353.66891325
       3971.63650450	        355.74919697
4008	StraightLine	2
       4095.71339252	        597.81228205
       4096.62744216	        578.91386199
4009	StraightLine	2
       4784.19685854	        840.44012664
       4773.22478287	        847.89910233
4010	StraightLine	2
       4777.45887815	        638.54517147
       4763.14312639	        626.17402749
4011	StraightLine	2
       6153.18423778	       1058.45386304
       6137.72457952	       1061.21333919
4012	StraightLine	2
       6157.73406894	       1096.41058369
       6152.60320657	       1086.19723139
4013	StraightLine	2
        760.02478356	       1467.72283023
        751.31836556	       1460.82582197
4014	StraightLine	2
        541.84982743	       1483.97411994
        544.05340000	       1518.49068945
4015	StraightLine	2
       1836.20584280	       1558.45912913
       1834.53478199	       1543.95120049
4016	StraightLine	2
       1902.59253298	       1673.21917035
       1898.57168033	       1681.78534654
4017	StraightLine	2
       2886.72187361	       1501.86767344
       2879.92130519	       1497.63854725
4018	StraightLine	2
       2988.67329078	       1554.92283272
       2995.14217011	       1543.69773927
4019	StraightLine	2
       4350.29875722	       2220.16051185
       4339.60227736	       2222.42237628
4020	StraightLine	2
       4425.62787239	       2177.08637840
       4427.74739140	       2192.80559998
4021	StraightLine	2
       5274.33400698	       1496.22171041
       5268.14755635	       1488.07908321
4022	StraightLine	2
       5270.33609584	       1612.38008910
       5256.95480234	       1622.31549496
4023	StraightLine	2
       6340.39082234	       1705.81958018
       6326.96556552	       1706.90897799
4024	StraightLine	2
       6446.37490116	       1649.68216533
       6443.25204307	       1661.66976528
4025	StraightLine	2
        613.49564061	       2525.92932521
        627.28749098	       2529.88703984
4026	StraightLine	2
        748.33587585	       2423.81108165
        742.48989328	       2436.41398635
4027	StraightLine	2
       1887.00332550	       2772.28493323
       1875.91349731	       2780.09293947
4028	StraightLine	2
       1727.47359649	       2734.94357926
       1724.99470753	       2745.15108084
4029	StraightLine	2
       2902.00055943	       2776.58961982
       2912.21822313	       2774.17880043
4030	StraightLine	2
       2998.49732501	       2630.01875788
       2995.82272927	       2622.02069468
4031	StraightLine	2
       4114.94545324	       2634.80943503
       4113.15319738	       2620.17624128
4032	StraightLine	2
       4083.93320620	       2801.90816036
       4078.24016343	       2802.34707560
4033	StraightLine	2
       5056.26622717	       2804.50459167
       5069.08876154	       2801.59070256
4034	StraightLine	2
       5304.54834537	       2646.86045819
       5305.88609380	       2656.97741074
4035	StraightLine	2
       6447.07750238	       2797.68509252
       6433.76217704	       2798.98120485
4036	StraightLine	2
       6429.70786430	       2579.10938171
       6429.66484548	       2594.66789051
4037	StraightLine	2
        486.79523674	       4249.37693389
        496.61886756	       4262.55864682
4038	StraightLine	2
        394.37244136	       4216.27723667
        409.95310101	       4205.20144025
4039	StraightLine	2
       1743.26612265	       3775.15959765
       1736.69639911	       3765.09630924
4040	StraightLine	2
       1729.73163598	       3800.97513628
       1711.98196942	       3814.34578751
4041	StraightLine	2
       2997.39888146	       3787.00689588
       2990.52527703	       3794.59727750
4042	StraightLine	2
       2860.21849605	       3786.33418083
       2870.34898639	       3796.20019242
4043	StraightLine	2
       4386.37462791	       4427.14884321
       4404.87946620	       4409.00133070
4044	StraightLine	2
       4217.79253369	       4420.38309717
       4233.32188302	       4421.78458867
4045	StraightLine	2
       5188.70930700	       3913.85692816
       5199.92986084	       3914.88704686
4046	StraightLine	2
       5105.56264320	       3817.79457232
       5102.56737464	       3833.19982319
4047	StraightLine	2
       5857.40300014	       4097.21460667
       5849.57105110	       4101.56144770
4048	StraightLine	2
       5935.65525829	       3988.67685036
       5928.16519798	       3977.37505963
4049	StraightLine	2
        940.47103065	       5055.25665412
        925.28557717	       5042.59070916
4050	StraightLine	2
       1019.26392336	       5012.34740877
       1009.02634966	       5025.26209120
4051	StraightLine	2
       1764.11383447	       4885.00228705
       1749.65104729	       4885.34962420
4052	StraightLine	2
       1901.53697698	       4962.63505779
       1899.73716066	       4982.67299847
4053	StraightLine	2
       3270.51029120	       5431.30791852
       3265.38405563	       5440.43785993
4054	StraightLine	2
       3265.99978485	       5343.77441593
       3248.28424563	       5334.76316999
4055	StraightLine	2
       4055.10208926	       5000.06923829
       4068.36081264	       5003.67678374
4056	StraightLine	2
       3954.89769207	       4835.95364782
       3946.28342146	       4854.96695673
4057	StraightLine	2
       5091.06581303	       4855.52628824
       5102.17323216	       4854.37942033
4058	StraightLine	2
       5288.50957452	       4831.61314811
       5290.38316886	       4840.33830536
4059	StraightLine	2
       6159.41367998	       5542.84167959
       6151.73862279	       5555.12806927
4060	StraightLine	2
       6165.71570387	       5313.18287381
       6180.64214768	       5324.04720678