-23512  -0.000598674933360   0.000102226070720   0.001341561455000
-23180  -0.000598619381410   0.000102440255120   0.001341668888700
-22847  -0.000598761359760   0.000102491925050   0.001341713729500
-22515  -0.000598750789540   0.000102420926920   0.001341692905300
-22182  -0.000598908716590   0.000102422667640   0.001341644179400
-21850  -0.000598834584210   0.000102452797190   0.001341582307700
-21517  -0.000598801019430   0.000102622424490   0.001341562969800
-21185  -0.000598773487760   0.000102878098610   0.001341640854100
-20853  -0.000598944504460   0.000102971173960   0.001341656243100
-20520  -0.000598867322090   0.000103141136090   0.001341750263100
-20188  -0.000598931398470   0.000103337899960   0.001341840577200
-19855  -0.000598856873320   0.000103363586270   0.001341773390200
-19523  -0.000598968146570   0.000103504794700   0.001341993058300
-19190  -0.000599182313400   0.000103591618240   0.001341887955200
-18858  -0.000599092538280   0.000103663542260   0.001341909948500
-18525  -0.000599192787440   0.000103909978810   0.001341941131800
-18193  -0.000599198800900   0.000104010666090   0.001342074481600
-17861  -0.000599200570930   0.000104023679910   0.001342108966400
-17528  -0.000599110532060   0.000104092673430   0.001342127413500
-17196  -0.000599179779290   0.000104088605000   0.001342297508800
-16863  -0.000599181355730   0.000104099427070   0.001342329359800
-16531  -0.000599147840620   0.000104257952980   0.001342296677800
-16198  -0.000599056527460   0.000104324068390   0.001342311546700
-15866  -0.000599234685400   0.000104413558310   0.001342283182200
-15533  -0.000599361410900   0.000104497525970   0.001342400422300
-15201  -0.000599646262160   0.000104480304730   0.001342293673700
-14868  -0.000599873309000   0.000104370675540   0.001342234520600
-14536  -0.000600154954070   0.000104293183880   0.001342403756900
-14204  -0.000600369674320   0.000104087621620   0.001342275404700
-13871  -0.000600581410340   0.000104024321480   0.001342305441800
-13539  -0.000600944401730   0.000103852256440   0.001342142035000
-13206  -0.000601185377650   0.000103833269430   0.001342146110500
-12874  -0.000601685928960   0.000103830296540   0.001342137302300
-12541  -0.000602061945750   0.000103750398280   0.001342038788100
-12209  -0.000602317859890   0.000103680605640   0.001341948476700
-11876  -0.000602501880570   0.000103566975180   0.001341997625400
-11544  -0.000602756638710   0.000103495748320   0.001341905532600
-11212  -0.000603242812820   0.000103537613400   0.001341984148500
-10879  -0.000603603359670   0.000103502595790   0.001341973030800
-10547  -0.000603770947670   0.000103434702910   0.001342110404800
-10214  -0.000603948022110   0.000103511604910   0.001342067078200
-9882  -0.000604081538290   0.000103590563180   0.001342138906000
-9549  -0.000604215943080   0.000103525748670   0.001342050638000
-9217  -0.000604210531490   0.000103432595730   0.001341964453400
-8884  -0.000604258842250   0.000103371875360   0.001342106578000
-8552  -0.000604230463240   0.000103520117270   0.001342022142100
-8220  -0.000604278655920   0.000103457949120   0.001342162513200
-7887  -0.000604251171260   0.000103604660590   0.001342076341900
-7555  -0.000604327590390   0.000103586863920   0.001342190633700
-7222  -0.000604242259460   0.000103640516560   0.001342151291600
-6890  -0.000604072873180   0.000103555926800   0.001342184106900
-6557  -0.000604149125240   0.000103535955430   0.001342295771500
-6225  -0.000603993779990   0.000103401269780   0.001342235101800
-5892  -0.000603902617920   0.000103646042330   0.001342103995800
-5560  -0.000603789665370   0.000103650144570   0.001342084633900
-5227  -0.000603660414300   0.000103702281810   0.001342156040600
-4895  -0.000603680416280   0.000103788575460   0.001342193188300
-4563  -0.000603693072890   0.000103866725460   0.001342259938000
-4230  -0.000603564664630   0.000103916634530   0.001342328731300
-3898  -0.000603387817280   0.000103738402890   0.001342255819800
-3565  -0.000603400328740   0.000103814368810   0.001342319923400
-3233  -0.000603164911410   0.000103967524990   0.001342462450500
-2900  -0.000603283714610   0.000104138142620   0.001342329451800
-2568  -0.000603246586930   0.000104127743700   0.001342409123400
-2235  -0.000603202804520   0.000104310675840   0.001342399483600
-1903  -0.000603192848620   0.000104344674270   0.001342452963300
-1571  -0.000603063945670   0.000104388772370   0.001342514671500
-1238  -0.000603041807650   0.000104326687800   0.001342499159300
 -906  -0.000602950342800   0.000104279146720   0.001342345297600
 -573  -0.000602763491510   0.000104712173520   0.001342343366100
 -241  -0.000602795668020   0.000104882847020   0.001342435313200
   91  -0.000602738390730   0.000104966055570   0.001342352143700
  423  -0.000602630357410   0.000104964416000   0.001342286326000
  756  -0.000602529380000   0.000105049188560   0.001342317418600
 1088  -0.000602519909110   0.000105076570940   0.001342362960400
 1420  -0.000602465755160   0.000105106345470   0.001342523609900
 1753  -0.000602194994630   0.000105115681120   0.001342579410700
 2085  -0.000602093801460   0.000105197556210   0.001342606953800
 2418  -0.000601894836860   0.000105248129920   0.001342520534600
 2750  -0.000601953748930   0.000105458110880   0.001342579960200
 3083  -0.000601697999970   0.000105415676720   0.001342540606200
 3415  -0.000601594352830   0.000105638150840   0.001342723378200
 3748  -0.000601365772640   0.000105640081690   0.001342657783200
 4080  -0.000601292890050   0.000105482147750   0.001342646523900
 4412  -0.000601163010010   0.000105513164230   0.001342692285400
 4745  -0.000601023933690   0.000105519915870   0.001342669967400
 5077  -0.000601055108550   0.000105679009050   0.001342747601900
 5410  -0.000600827218970   0.000105677220520   0.001342677646600
 5742  -0.000600751469770   0.000105940432760   0.001342829688800
 6075  -0.000600541988010   0.000105838007120   0.001342913785100
 6407  -0.000600361792750   0.000105780560380   0.001342972603900
 6740  -0.000600310133790   0.000105856454480   0.001342841140700
 7072  -0.000600157095390   0.000105843356900   0.001342873697000
 7405  -0.000600127050960   0.000105956135850   0.001342746533400
 7737  -0.000600003254570   0.000105987268370   0.001342752900500
 8069  -0.000599821722670   0.000105926242370   0.001342807278000
 8402  -0.000599697798900   0.000105955923550   0.001342811880000
 8734  -0.000599545494420   0.000105939137350   0.001342840073100
 9067  -0.000599462742220   0.000106107821720   0.001342885500000
 9399  -0.000599416099930   0.000105984016600   0.001342835747800
 9732  -0.000599263612540   0.000105965053650   0.001342861297100
10064  -0.000599104549500   0.000106139204530   0.001342797074100
10397  -0.000599070699250   0.000106107935970   0.001342811745100
10729  -0.000599022461570   0.000106124897410   0.001342917118100
11061  -0.000598954688610   0.000106240220610   0.001342865640900
11394  -0.000598848659900   0.000106164345770   0.001343018194700
11726  -0.000598752457490   0.000106232488440   0.001342989439400
12059  -0.000598501491460   0.000106177693900   0.001342895787400
12391  -0.000598481245490   0.000106236780410   0.001342972225900
12724  -0.000598453632870   0.000106287839910   0.001343078290400
13056  -0.000598511785910   0.000106194089870   0.001343101406500
13389  -0.000598582670240   0.000107159067430   0.001342968551400
13721  -0.000598351571850   0.000109104972210   0.001343116234900
14053  -0.000598234710050   0.000111232969540   0.001343164726600
14386  -0.000598202805810   0.000113015066570   0.001343249612200
14718  -0.000598313656290   0.000114117672180   0.001343154920100
15051  -0.000598425673970   0.000113772578510   0.001343392846300
15383  -0.000598788615170   0.000112441113140   0.001343495249900
15716  -0.000599085891180   0.000111355172190   0.001343715348800
16048  -0.000599334374360   0.000110321804020   0.001343803144300
16381  -0.000599359396230   0.000109461468430   0.001343697166100
16713  -0.000599453859610   0.000108786616210   0.001343608240100
17046  -0.000599386312880   0.000107981476950   0.001343485163500
17378  -0.000599180201760   0.000107486402830   0.001343094584400
17710  -0.000599233196880   0.000107151031290   0.001342849463500
18043  -0.000599032319170   0.000106943010510   0.001342434899200
18375  -0.000599098057940   0.000106700958440   0.001342254981400
18708  -0.000599155240420   0.000106594817830   0.001342263141200
19040  -0.000599289300090   0.000106537567050   0.001342099199800
19373  -0.000599339405140   0.000106342452280   0.001342008148300
19705  -0.000599459500810   0.000106131821110   0.001342053792300
20038  -0.000599724937350   0.000106099276570   0.001342223245600
20370  -0.000599891515680   0.000105834163720   0.001342398665700
20702  -0.000600106614490   0.000105997377700   0.001342593102100
21035  -0.000600659385860   0.000106168964340   0.001342881484400
21367  -0.000600816725290   0.000106239482430   0.001343123243900
21700  -0.000601075399920   0.000106397065780   0.001343198934700
22032  -0.000601150665830   0.000106385959360   0.001343234549800
22365  -0.000601260238220   0.000106507423790   0.001343342051100
22697  -0.000601041374700   0.000106482224650   0.001343165015600
23030  -0.000600949218680   0.000106532920150   0.001343075449600
23362  -0.000601257754020   0.000106971841340   0.001343008022600
23694  -0.000601122542480   0.000107081472000   0.001342754415000
24027  -0.000601021104010   0.000107467723970   0.001342730920100
24359  -0.000600957015970   0.000107561136870   0.001342613112200
24692  -0.000600926575570   0.000107505945590   0.001342559176200
25024  -0.000600770254330   0.000107373301080   0.001342416083200
25357  -0.000600738025850   0.000107460808910   0.001342518591900
25689  -0.000600572294510   0.000107463658840   0.001342562458400
26022  -0.000600568236000   0.000107595399370   0.001342638540000
26354  -0.000600669147780   0.000107563907980   0.001342916159900
26687  -0.000600803774550   0.000107584703840   0.001343137636500
27019  -0.000601038656220   0.000107491634970   0.001343313009400
27351  -0.000601106517540   0.000107180493750   0.001343357186900
27684  -0.000601132247260   0.000106928869240   0.001343238278800
28016  -0.000601211719480   0.000106711314260   0.001343347422800
28349  -0.000601379797300   0.000106485609690   0.001343223711200
28681  -0.000601673750620   0.000106536715680   0.001343067195800
29014  -0.000601720040430   0.000106521355370   0.001342830530500
29346  -0.000601944532260   0.000106384700600   0.001342654874600
29679  -0.000601976178990   0.000106417144940   0.001342507836900
30011  -0.000602128437910   0.000106237097790   0.001342471118600
30343  -0.000602224689840   0.000106021528820   0.001342204551300
30676  -0.000602509131160   0.000105924073300   0.001342223709100
31008  -0.000602809060320   0.000105776512490   0.001342150652800
31341  -0.000603042107290   0.000105874894220   0.001342194344900
31673  -0.000603282517760   0.000105779044730   0.001342326876700
32006  -0.000603381369900   0.000105936300520   0.001342469199200
32338  -0.000603529370670   0.000105895675050   0.001342584273600
32671  -0.000603713020720   0.000105706467500   0.001342763546000
33003  -0.000603822508750   0.000105579993010   0.001342556666200
33335  -0.000603836266830   0.000105597559860   0.001342769512300
33668  -0.000603793920890   0.000105579498200   0.001342752504300
34000  -0.000603948982620   0.000105823741080   0.001342840021400
34333  -0.000604075705660   0.000106021660580   0.001342951329100
34665  -0.000603970221710   0.000106103630630   0.001342891249400
34998  -0.000603893989840   0.000106230428800   0.001342805595500
35330  -0.000603852351440   0.000106208710430   0.001342784149100
35663  -0.000603746680790   0.000106288500800   0.001342721373700
35995  -0.000603789757330   0.000106402152570   0.001342623963000
36327  -0.000603669394910   0.000106529914450   0.001342650713600
36660  -0.000603577249390   0.000106702563590   0.001342651824300
36992  -0.000603743443240   0.000107035520070   0.001342797612000
37325  -0.000603797499980   0.000107185324460   0.001343041471000
37657  -0.000603931464760   0.000107238807230   0.001342955205200
37990  -0.000603957518360   0.000107397690530   0.001342943568600
38322  -0.000603887049200   0.000107323903070   0.001342938798900
38655  -0.000603857454200   0.000107390107260   0.001342974904100
38987  -0.000603839413240   0.000107550776250   0.001343076567000
39320  -0.000603951071900   0.000107843502640   0.001342987074200
39652  -0.000603977838540   0.000107998737350   0.001342970937000
39984  -0.000604032819300   0.000108198837510   0.001342929123700
40317  -0.000603882438280   0.000108272488830   0.001342969702200
40649  -0.000603896398850   0.000108330420320   0.001342884364400
40982  -0.000603726337500   0.000108219566320   0.001342759588600
41314  -0.000603799014210   0.000108318691130   0.001342870615000
41647  -0.000603797152440   0.000108424027520   0.001342873819900
41979  -0.000603829789450   0.000108862663080   0.001342827698900
42312  -0.000603727588090   0.000108935277970   0.001342716174300
42644  -0.000603697282480   0.000108992880910   0.001342741433900
42976  -0.000603630575880   0.000108916299110   0.001342693480000
43309  -0.000603663026730   0.000108870354390   0.001342757491800
43641  -0.000603419197220   0.000108712234370   0.001342766372900
43974  -0.000603388671500   0.000108766979740   0.001342788066900
44306  -0.000603243149210   0.000108839263280   0.001342787223800
44639  -0.000603132946270   0.000109044377200   0.001342857709600
44971  -0.000603106681550   0.000109104253670   0.001342846007100
45304  -0.000603047678490   0.000109110584730   0.001342888908800
45636  -0.000602872590090   0.000109134511790   0.001342909230000
45968  -0.000602833539030   0.000109097027320   0.001342828464200
46301  -0.000602631077090   0.000109073913900   0.001342871865900
46633  -0.000602499749360   0.000109091579810   0.001342773501900
46966  -0.000602544162110   0.000109133034210   0.001342894074200
47298  -0.000602398043240   0.000109198888220   0.001342885138000
47631  -0.000602236148130   0.000109313718380   0.001342966472100
47963  -0.000602323342940   0.000109348966420   0.001342968293600
48296  -0.000602105883480   0.000109426769780   0.001342818992000
48628  -0.000601918699350   0.000109348964520   0.001342764977300
48961  -0.000601793251100   0.000109168422190   0.001342750684300
49293  -0.000601618494680   0.000109184438550   0.001342761216200
49625  -0.000601512735150   0.000109386083780   0.001342787444600
49958  -0.000601569206400   0.000109571884530   0.001342687658600
50290  -0.000601435053710   0.000109726566590   0.001342736908200
50623  -0.000601547930830   0.000109946580580   0.001342864142900
50955  -0.000601323653690   0.000109730192610   0.001342731762600